part 0
45.46 45.26 45.09 44.94 44.81 44.7  44.6  44.53 44.48 44.44 44.43 44.44
 44.46 44.51 44.57 44.66 44.76 44.88 45.02 45.18
part 1
38.41 38.19 37.98 37.79 37.61 37.45 37.31 37.19 37.08 36.99 36.92 36.86
 36.83 36.81 36.8  36.81 36.84 36.89 36.95 37.04
part 2
16.69 16.52 16.36 16.2  16.05 15.9  15.77 15.64 15.52 15.41 15.31 15.21
 15.12 15.05 14.97 14.91 14.85 14.81 14.77 14.74
part 3
-11.4  -11.45 -11.51 -11.58 -11.65 -11.72 -11.8  -11.88 -11.97 -12.06
 -12.15 -12.25 -12.35 -12.46 -12.57 -12.69 -12.81 -12.93 -13.05 -13.18
part 4
-35.14 -35.05 -34.99 -34.93 -34.89 -34.87 -34.86 -34.86 -34.89 -34.92
 -34.97 -35.03 -35.11 -35.21 -35.32 -35.44 -35.58 -35.73 -35.89 -36.07
part 5
-45.46 -45.26 -45.09 -44.94 -44.81 -44.7  -44.6  -44.53 -44.48 -44.44
 -44.43 -44.44 -44.46 -44.51 -44.57 -44.66 -44.76 -44.88 -45.02 -45.18
part 6
-38.41 -38.19 -37.98 -37.79 -37.61 -37.45 -37.31 -37.19 -37.08 -36.99
 -36.92 -36.86 -36.83 -36.81 -36.8  -36.81 -36.84 -36.89 -36.95 -37.04
part 7
-16.69 -16.52 -16.36 -16.2  -16.05 -15.9  -15.77 -15.64 -15.52 -15.41
 -15.31 -15.21 -15.12 -15.05 -14.97 -14.91 -14.85 -14.81 -14.77 -14.74
part 8
11.4  11.45 11.51 11.58 11.65 11.72 11.8  11.88 11.97 12.06 12.15 12.25
 12.35 12.46 12.57 12.69 12.81 12.93 13.05 13.18
part 9
35.14 35.05 34.99 34.93 34.89 34.87 34.86 34.86 34.89 34.92 34.97 35.03
 35.11 35.21 35.32 35.44 35.58 35.73 35.89 36.07